email,message
mgorski0216@gmail.com,fdjsaklf;jd
coolguy@hotmail.com,Hello
coolguy@hotmail.com,Hello
,
,
,
,
